 
data:
['1', '2', '3', '4', '5', '6', '7', '8', '9', '10', '11', '12', '13', '14', '15', '16', '']
before normalize:
[['1', '2', '3', '4', '5', '6'], ['2', '3', '4', '5', '6', '7'], ['3', '4', '5', '6', '7', '8'], ['4', '5', '6', '7', '8', '9'], ['5', '6', '7', '8', '9', '10'], ['6', '7', '8', '9', '10', '11'], ['7', '8', '9', '10', '11', '12'], ['8', '9', '10', '11', '12', '13'], ['9', '10', '11', '12', '13', '14'], ['10', '11', '12', '13', '14', '15'], ['11', '12', '13', '14', '15', '16']]
<class 'list'>
after normalize:
[[ 0.          1.          2.          3.          4.          5.        ]
 [ 0.          0.5         1.          1.5         2.          2.5       ]
 [ 0.          0.33333333  0.66666667  1.          1.33333333  1.66666667]
 [ 0.          0.25        0.5         0.75        1.          1.25      ]
 [ 0.          0.2         0.4         0.6         0.8         1.        ]
 [ 0.          0.16666667  0.33333333  0.5         0.66666667  0.83333333]
 [ 0.          0.14285714  0.28571429  0.42857143  0.57142857  0.71428571]
 [ 0.          0.125       0.25        0.375       0.5         0.625     ]
 [ 0.          0.11111111  0.22222222  0.33333333  0.44444444  0.55555556]
 [ 0.          0.1         0.2         0.3         0.4         0.5       ]
 [ 0.          0.09090909  0.18181818  0.27272727  0.36363636  0.45454545]]
(11, 6)
train
[[ 0.          1.          2.          3.          4.          5.        ]
 [ 0.          0.5         1.          1.5         2.          2.5       ]
 [ 0.          0.33333333  0.66666667  1.          1.33333333  1.66666667]
 [ 0.          0.25        0.5         0.75        1.          1.25      ]
 [ 0.          0.2         0.4         0.6         0.8         1.        ]
 [ 0.          0.16666667  0.33333333  0.5         0.66666667  0.83333333]
 [ 0.          0.14285714  0.28571429  0.42857143  0.57142857  0.71428571]
 [ 0.          0.125       0.25        0.375       0.5         0.625     ]
 [ 0.          0.11111111  0.22222222  0.33333333  0.44444444  0.55555556]
 [ 0.          0.1         0.2         0.3         0.4         0.5       ]]
x_train:
[[ 0.          1.          2.          3.          4.        ]
 [ 0.          0.5         1.          1.5         2.        ]
 [ 0.          0.33333333  0.66666667  1.          1.33333333]
 [ 0.          0.25        0.5         0.75        1.        ]
 [ 0.          0.2         0.4         0.6         0.8       ]
 [ 0.          0.16666667  0.33333333  0.5         0.66666667]
 [ 0.          0.14285714  0.28571429  0.42857143  0.57142857]
 [ 0.          0.125       0.25        0.375       0.5       ]
 [ 0.          0.11111111  0.22222222  0.33333333  0.44444444]
 [ 0.          0.1         0.2         0.3         0.4       ]]
y_train:
[ 5.          2.5         1.66666667  1.25        1.          0.83333333
  0.71428571  0.625       0.55555556  0.5       ]
x_test:
[[ 0.          0.09090909  0.18181818  0.27272727  0.36363636]]
y_test:
[ 0.45454545]
reshaped x_train:
[[[ 0.        ]
  [ 1.        ]
  [ 2.        ]
  [ 3.        ]
  [ 4.        ]]

 [[ 0.        ]
  [ 0.5       ]
  [ 1.        ]
  [ 1.5       ]
  [ 2.        ]]

 [[ 0.        ]
  [ 0.33333333]
  [ 0.66666667]
  [ 1.        ]
  [ 1.33333333]]

 [[ 0.        ]
  [ 0.25      ]
  [ 0.5       ]
  [ 0.75      ]
  [ 1.        ]]

 [[ 0.        ]
  [ 0.2       ]
  [ 0.4       ]
  [ 0.6       ]
  [ 0.8       ]]

 [[ 0.        ]
  [ 0.16666667]
  [ 0.33333333]
  [ 0.5       ]
  [ 0.66666667]]

 [[ 0.        ]
  [ 0.14285714]
  [ 0.28571429]
  [ 0.42857143]
  [ 0.57142857]]

 [[ 0.        ]
  [ 0.125     ]
  [ 0.25      ]
  [ 0.375     ]
  [ 0.5       ]]

 [[ 0.        ]
  [ 0.11111111]
  [ 0.22222222]
  [ 0.33333333]
  [ 0.44444444]]

 [[ 0.        ]
  [ 0.1       ]
  [ 0.2       ]
  [ 0.3       ]
  [ 0.4       ]]]
reshaped x_test:
[[[ 0.        ]
  [ 0.09090909]
  [ 0.18181818]
  [ 0.27272727]
  [ 0.36363636]]]
> Data Loaded. Compiling...
>>> 